3 4 5 6 8 10
12 15 17 19 20
21 23 24 27 29 30
31 32 33 34 37 40
42 43 44 46 48 49
52 53 54 55 56 57
61 62 68 69 70
72 76 78 80
82 84 85 87 88 90
91 92 94 95 96
103 105 107 108 110
112 115 117 118 120
121 123 124 125 128
131 133 135 136 137 138
145 146 149 150
152 154 155 156 159
161 162 163 165 170
171 174 175 177 179
181 182 184 185 187
192 193 194 198 199
206 207 208 209 210
211 214 215 217 220
222 225 226 227 230
232 234 237 238 239 240
241 242 244 246 248 249
251 252 254 255 259 260
263 264 265 269 270
271 273 275 277 278 280
282 284 287 288 290
293 295 297 298 299 300
303 305 306 308 309
312 313 315 317 318
321 323 324 326 328
332 333 335 337 338
342 343 347 349 350
351 355 356 357 359
361 363 364 366 367
371 374 378 379 380
381 382 383 387 388
391 392 393 394 398
402 403 404 407 408
411 412 414 415 418
422 423 424 429 430
431 432 435 436 438
441 442 445 446 449
451 454 455 457 459
462 464 465 468 469 470
471 473 476 477 478 479
481 483 485 486 488
491 497 498 499 500
501 503 504 505 508
511 512 513 517 520
521 522 523 525 527
533 534 535 537 540
542 543 545 547 548
551 552 555 558 560
564 565 566 570
572 573 575 579 580
583 585 586 588 589
591 592 593 594 596
601 602 603 605 607 608
611 613 614 617 619
621 622 627 629 630
631 632 634 636 637 638
641 643 645 648 650
651 652 654 655 656 658
662 665 666 667
674 675 676 677 678 680
681 683 684 687 689
694 697 698 699 700
701 702 703 704 705 707
711 713 714 717 718
721 726 727 728 729
731 733 735 737 739
742 743 744 748 749 750
753 754 756 757 760
764 765 766 768
771 772 774 775 776 779
782 786 787 789 790
792 793 797 798 800
801 803 806 807 809
812 813 814 819 820
821 822 825 827 829
834 835 836 837 838 840
841 842 843 846 850
851 852 854 856 858 859
861 862 863 866 867 869
872 875 877 878 879
881 884 885 887 889
893 894 895 896 898
901 902 903 905 908 910
914 916 917 919 920
922 923 924 928 929
931 932 933 935 937
941 942 944 946 947
952 953 955 957 958
963 966 969 970
971 972 973 978 979
982 984 985 986 990
991 992 996 997 999 1000