1 2 7 9
11 13 14 16 18
22 25 26 28
35 36 38 39
41 45 47 50
51 58 59 60
63 64 65 66 67
71 73 74 75 77 79
81 83 86 89
93 97 98 99 100
101 102 104 106 109
111 113 114 116 119
122 126 127 129 130
132 134 139 140
141 142 143 144 147 148
151 153 157 158 160
164 166 167 168 169
172 173 176 178 180
183 186 188 189 190
191 195 196 197 200
201 202 203 204 205
212 213 216 218 219
221 223 224 228 229
231 233 235 236
243 245 247 250
253 256 257 258
261 262 266 267 268
272 274 276 279
281 283 285 286 289
291 292 294 296
301 302 304 307 310
311 314 316 319 320
322 325 327 329 330
331 334 336 339 340
341 344 345 346 348
352 353 354 358 360
362 365 368 369 370
372 373 375 376 377
384 385 386 389 390
395 396 397 399 400
401 405 406 409 410
413 416 417 419 420
421 425 426 427 428
433 434 437 439 440
443 444 447 448 450
452 453 456 458 460
461 463 466 467
472 474 475 480
482 484 487 489 490
492 493 494 495 496
502 506 507 509 510
514 515 516 518 519
524 526 528 529 530
531 532 536 538 539
541 544 546 549 550
553 554 556 557 559
561 562 563 567 568 569
571 574 576 577 578
581 582 584 587 590
595 597 598 599 600
604 606 609 610
612 615 616 618 620
623 624 625 626 628
633 635 639 640
642 644 646 647 649
653 657 659 660
661 663 664 668 669 670
671 672 673 679
682 685 686 688 690
691 692 693 695 696
706 708 709 710
712 715 716 719 720
722 723 724 725 730
732 734 736 738 740
741 745 746 747
751 752 755 758 759
761 762 763 767 769 770
773 777 778 780
781 783 784 785 788
791 794 795 796 799
802 804 805 808 810
811 815 816 817 818
823 824 826 828 830
831 832 833 839
844 845 847 848 849
853 855 857 860
864 865 868 870
871 873 874 876 880
882 883 886 888 890
891 892 897 899 900
904 906 907 909
911 912 913 915 918
921 925 926 927 930
934 936 938 939 940
943 945 948 949 950
951 954 956 959 960
961 962 964 965 967 968
974 975 976 977 980
981 983 987 988 989
993 994 995 998