10 3 5 8
19 17 12
21 24 27 23
34 31 37 32
48 49 43 46
56 54 57 55
62 70 68
72 76
90 84 85 87
94 91 96
110 105 103
112 120 118
125 123 128
138 136 133 137
150 149
159 152 155
165 161 162
175 177 179
184 187 185
199 198 192
209 207 208
220 215 211
226 230 225
232 238 239 234
242 248 246 244
254 259 251 252
269 270 265
271 278 280 275
284 290 287
299 295 300 293
305 308 306
313 312 317
321 326 323
338 332 333
349 343 342
357 351 355
366 363 367
380 374 379
382 388 381
398 392 391
402 404 408
414 412 418
429 423 422
431 438 436
446 442 449
454 455 457
470 468 464 465
471 473 478 476
488 483 485
497 500 499
505 503 501
512 513 511
522 525 521
535 533 534
542 545 548
555 551 552
565 570
579 580 572
586 589 588
591 596 594
601 607 605 608
614 617 619
629 627 630
632 631 637 638
643 641 645
656 651 652 654
662 666
676 680 675 678
681 687 683
700 697 694
703 705 702 707
713 714 718
726 721 728
733 739 735
742 748 744 750
753 754 756
768 764
775 776 779 772
786 789 790
792 797 793
803 806 809
814 820 812
825 821 829
840 837 834 838
843 846 841
854 858 851 856
866 863 867 862
875 878 877
884 889 885
893 896 894
901 905 902 910
914 920 917
923 929 924
933 935 932
944 947 946
952 958 955
966 970
979 972 973
986 984 985
1000 991 999 996