1 7
11 16 13
25 28
35 39
50 41
51 59
67 64 66
73 71 77 79
86 89
93 97 98
101 104 102
113 114 111
129 122 126
139 134
143 141 142 147
151 157 153
166 169 168
173 172 178
188 183 189
191 195 200
201 203 202
213 212 219
224 223 229
236 231
250 243
257 256
261 262 266
272 276
285 286 281
294 291
307 310 302
314 311 319
329 330 327
331 336 340
345 344 348
354 360 353
370 365 362
377 373 375
384 389 385
400 399 397
406 409 410
417 416 413
421 425 428
437 439 440
443 450 448
458 460 452
463 461
480 472
489 487 490
495 494 496
510 509 506
514 518 516
528 529 524
536 532 538
549 546 544
557 556 554
562 563 561 567
576 578 577
581 582 587
599 598 597
604 606
615 616 618
625 626 623
639 633
646 644 649
657 659
670 661 664 668
672 679
690 682 688
693 692 695
709 708
716 712 715
725 722 723
740 732 738
741 746
759 755 758
769 767 770 762
778 780
783 781 785
794 791 795
808 804 805
817 815 818
824 823 828
833 832
844 845 849
855 857
864 865
876 874 871
883 882 888
899 891 897
909 907
915 913 918
926 927 925
939 934 936
949 945 948
956 960 951
967 964 968 962
977 976 975
989 988 981
998 994